videoId,second,numViews
i4x-Engineering-CS145-video-vid-triggers_introduction,0,1
i4x-Engineering-CS145-video-vid-triggers_introduction,1,1
i4x-Engineering-CS145-video-vid-triggers_introduction,2,1
i4x-Engineering-CS145-video-vid-triggers_introduction,3,1
i4x-Engineering-CS145-video-vid-triggers_introduction,4,1
i4x-Engineering-CS145-video-vid-triggers_introduction,5,1
i4x-Engineering-CS145-video-vid-triggers_introduction,6,1
i4x-Engineering-CS145-video-vid-triggers_introduction,7,1
i4x-Engineering-CS145-video-vid-triggers_introduction,8,1
i4x-Engineering-CS145-video-vid-triggers_introduction,9,1
i4x-Engineering-CS145-video-vid-triggers_introduction,10,1
i4x-Engineering-CS145-video-vid-triggers_introduction,11,1
i4x-Engineering-CS145-video-vid-triggers_introduction,12,1
i4x-Engineering-CS145-video-vid-triggers_introduction,13,1
i4x-Engineering-CS145-video-vid-triggers_introduction,14,1
i4x-Engineering-CS145-video-vid-triggers_introduction,15,1
i4x-Engineering-CS145-video-vid-triggers_introduction,16,1
i4x-Engineering-CS145-video-vid-triggers_introduction,17,1
i4x-Engineering-CS145-video-vid-triggers_introduction,18,1
i4x-Engineering-CS145-video-vid-triggers_introduction,19,1
i4x-Engineering-CS145-video-vid-triggers_introduction,20,1
i4x-Engineering-CS145-video-vid-triggers_introduction,21,1
i4x-Engineering-CS145-video-vid-triggers_introduction,22,1
i4x-Engineering-CS145-video-vid-triggers_introduction,23,1
i4x-Engineering-CS145-video-vid-triggers_introduction,24,1
i4x-Engineering-CS145-video-vid-triggers_introduction,25,1
i4x-Engineering-CS145-video-vid-triggers_introduction,26,1
i4x-Engineering-CS145-video-vid-triggers_introduction,27,1
i4x-Engineering-CS145-video-vid-triggers_introduction,28,1
i4x-Engineering-CS145-video-vid-triggers_introduction,29,1
i4x-Engineering-CS145-video-vid-triggers_introduction,30,1
i4x-Engineering-CS145-video-vid-triggers_introduction,31,1
i4x-Engineering-CS145-video-vid-triggers_introduction,32,1
i4x-Engineering-CS145-video-vid-triggers_introduction,33,1
i4x-Engineering-CS145-video-vid-triggers_introduction,34,1
i4x-Engineering-CS145-video-vid-triggers_introduction,35,1
i4x-Engineering-CS145-video-vid-triggers_introduction,36,1
i4x-Engineering-CS145-video-vid-triggers_introduction,37,1
i4x-Engineering-CS145-video-vid-triggers_introduction,38,1
i4x-Engineering-CS145-video-vid-triggers_introduction,39,1
i4x-Engineering-CS145-video-vid-triggers_introduction,40,1
i4x-Engineering-CS145-video-vid-triggers_introduction,41,1
i4x-Engineering-CS145-video-vid-triggers_introduction,42,1
i4x-Engineering-CS145-video-vid-triggers_introduction,43,1
i4x-Engineering-CS145-video-vid-triggers_introduction,44,1
i4x-Engineering-CS145-video-vid-triggers_introduction,45,1
i4x-Engineering-CS145-video-vid-triggers_introduction,46,1
i4x-Engineering-CS145-video-vid-triggers_introduction,47,1
i4x-Engineering-CS145-video-vid-triggers_introduction,48,1
i4x-Engineering-CS145-video-vid-triggers_introduction,49,1
i4x-Engineering-CS145-video-vid-triggers_introduction,50,1
i4x-Engineering-CS145-video-vid-triggers_introduction,51,1
i4x-Engineering-CS145-video-vid-triggers_introduction,52,1
i4x-Engineering-CS145-video-vid-triggers_introduction,53,1
i4x-Engineering-CS145-video-vid-triggers_introduction,54,1
i4x-Engineering-CS145-video-vid-triggers_introduction,55,1
i4x-Engineering-CS145-video-vid-triggers_introduction,56,1
i4x-Engineering-CS145-video-vid-triggers_introduction,57,1
i4x-Engineering-CS145-video-vid-triggers_introduction,58,1
i4x-Engineering-CS145-video-vid-triggers_introduction,59,1
i4x-Engineering-CS145-video-vid-triggers_introduction,60,1
i4x-Engineering-CS145-video-vid-triggers_introduction,61,1
i4x-Engineering-CS145-video-vid-triggers_introduction,62,1
i4x-Engineering-CS145-video-vid-triggers_introduction,63,1
i4x-Engineering-CS145-video-vid-triggers_introduction,64,1
i4x-Engineering-CS145-video-vid-triggers_introduction,65,1
i4x-Engineering-CS145-video-vid-triggers_introduction,66,1
i4x-Engineering-CS145-video-vid-triggers_introduction,67,1
i4x-Engineering-CS145-video-vid-triggers_introduction,68,1
i4x-Engineering-CS145-video-vid-triggers_introduction,69,1
i4x-Engineering-CS145-video-vid-triggers_introduction,70,1
i4x-Engineering-CS145-video-vid-triggers_introduction,71,1
i4x-Engineering-CS145-video-vid-triggers_introduction,72,1
i4x-Engineering-CS145-video-vid-triggers_introduction,73,1
i4x-Engineering-CS145-video-vid-triggers_introduction,74,1
i4x-Engineering-CS145-video-vid-triggers_introduction,75,1
i4x-Engineering-CS145-video-vid-triggers_introduction,76,1
i4x-Engineering-CS145-video-vid-triggers_introduction,77,1
i4x-Engineering-CS145-video-vid-triggers_introduction,78,1
i4x-Engineering-CS145-video-vid-triggers_introduction,79,1
i4x-Engineering-CS145-video-vid-triggers_introduction,80,1
i4x-Engineering-CS145-video-vid-triggers_introduction,81,1
i4x-Engineering-CS145-video-vid-triggers_introduction,82,1
i4x-Engineering-CS145-video-vid-triggers_introduction,83,1
i4x-Engineering-CS145-video-vid-triggers_introduction,84,1
i4x-Engineering-CS145-video-vid-triggers_introduction,85,1
i4x-Engineering-CS145-video-vid-triggers_introduction,86,1
i4x-Engineering-CS145-video-vid-triggers_introduction,87,1
i4x-Engineering-CS145-video-vid-triggers_introduction,88,1
i4x-Engineering-CS145-video-vid-triggers_introduction,89,1
i4x-Engineering-CS145-video-vid-triggers_introduction,90,1
i4x-Engineering-CS145-video-vid-triggers_introduction,91,1
i4x-Engineering-CS145-video-vid-triggers_introduction,92,1
i4x-Engineering-CS145-video-vid-triggers_introduction,93,1
i4x-Engineering-CS145-video-vid-triggers_introduction,94,1
i4x-Engineering-CS145-video-vid-triggers_introduction,95,1
i4x-Engineering-CS145-video-vid-triggers_introduction,96,1
i4x-Engineering-CS145-video-vid-triggers_introduction,97,1
i4x-Engineering-CS145-video-vid-triggers_introduction,98,1
i4x-Engineering-CS145-video-vid-triggers_introduction,99,1
i4x-Engineering-CS145-video-vid-triggers_introduction,100,1
i4x-Engineering-CS145-video-vid-triggers_introduction,101,1
i4x-Engineering-CS145-video-vid-triggers_introduction,102,1
i4x-Engineering-CS145-video-vid-triggers_introduction,103,1
i4x-Engineering-CS145-video-vid-triggers_introduction,104,1
i4x-Engineering-CS145-video-vid-triggers_introduction,105,1
i4x-Engineering-CS145-video-vid-triggers_introduction,106,1
i4x-Engineering-CS145-video-vid-triggers_introduction,107,1
i4x-Engineering-CS145-video-vid-triggers_introduction,108,1
i4x-Engineering-CS145-video-vid-triggers_introduction,109,1
i4x-Engineering-CS145-video-vid-triggers_introduction,110,1
i4x-Engineering-CS145-video-vid-triggers_introduction,111,1
i4x-Engineering-CS145-video-vid-triggers_introduction,112,1
i4x-Engineering-CS145-video-vid-triggers_introduction,113,1
i4x-Engineering-CS145-video-vid-triggers_introduction,114,1
i4x-Engineering-CS145-video-vid-triggers_introduction,115,1
i4x-Engineering-CS145-video-vid-triggers_introduction,116,1
i4x-Engineering-CS145-video-vid-triggers_introduction,117,1
i4x-Engineering-CS145-video-vid-triggers_introduction,118,1
i4x-Engineering-CS145-video-vid-triggers_introduction,119,1
i4x-Engineering-CS145-video-vid-triggers_introduction,120,1
i4x-Engineering-CS145-video-vid-triggers_introduction,121,1
i4x-Engineering-CS145-video-vid-triggers_introduction,122,1
i4x-Engineering-CS145-video-vid-triggers_introduction,123,1
i4x-Engineering-CS145-video-vid-triggers_introduction,124,1
i4x-Engineering-CS145-video-vid-triggers_introduction,125,1
i4x-Engineering-CS145-video-vid-triggers_introduction,126,1
i4x-Engineering-CS145-video-vid-triggers_introduction,127,1
i4x-Engineering-CS145-video-vid-triggers_introduction,128,1
i4x-Engineering-CS145-video-vid-triggers_introduction,129,1
i4x-Engineering-CS145-video-vid-triggers_introduction,130,1
i4x-Engineering-CS145-video-vid-triggers_introduction,131,1
i4x-Engineering-CS145-video-vid-triggers_introduction,132,1
i4x-Engineering-CS145-video-vid-triggers_introduction,133,1
i4x-Engineering-CS145-video-vid-triggers_introduction,134,1
i4x-Engineering-CS145-video-vid-triggers_introduction,135,1
i4x-Engineering-CS145-video-vid-triggers_introduction,136,1
i4x-Engineering-CS145-video-vid-triggers_introduction,137,1
i4x-Engineering-CS145-video-vid-triggers_introduction,138,1
i4x-Engineering-CS145-video-vid-triggers_introduction,139,1
i4x-Engineering-CS145-video-vid-triggers_introduction,140,1
i4x-Engineering-CS145-video-vid-triggers_introduction,141,1
i4x-Engineering-CS145-video-vid-triggers_introduction,142,1
i4x-Engineering-CS145-video-vid-triggers_introduction,143,1
i4x-Engineering-CS145-video-vid-triggers_introduction,144,1
i4x-Engineering-CS145-video-vid-triggers_introduction,145,1
i4x-Engineering-CS145-video-vid-triggers_introduction,146,1
i4x-Engineering-CS145-video-vid-triggers_introduction,147,1
i4x-Engineering-CS145-video-vid-triggers_introduction,148,1
i4x-Engineering-CS145-video-vid-triggers_introduction,149,1
i4x-Engineering-CS145-video-vid-triggers_introduction,150,1
i4x-Engineering-CS145-video-vid-triggers_introduction,151,1
i4x-Engineering-CS145-video-vid-triggers_introduction,152,1
i4x-Engineering-CS145-video-vid-triggers_introduction,153,1
i4x-Engineering-CS145-video-vid-triggers_introduction,154,1
i4x-Engineering-CS145-video-vid-triggers_introduction,155,1
i4x-Engineering-CS145-video-vid-triggers_introduction,156,1
i4x-Engineering-CS145-video-vid-triggers_introduction,157,1
i4x-Engineering-CS145-video-vid-triggers_introduction,158,1
i4x-Engineering-CS145-video-vid-triggers_introduction,159,1
i4x-Engineering-CS145-video-vid-triggers_introduction,160,1
i4x-Engineering-CS145-video-vid-triggers_introduction,161,1
i4x-Engineering-CS145-video-vid-triggers_introduction,162,1
i4x-Engineering-CS145-video-vid-triggers_introduction,163,1
i4x-Engineering-CS145-video-vid-triggers_introduction,164,1
i4x-Engineering-CS145-video-vid-triggers_introduction,165,1
i4x-Engineering-CS145-video-vid-triggers_introduction,166,1
i4x-Engineering-CS145-video-vid-triggers_introduction,167,1
i4x-Engineering-CS145-video-vid-triggers_introduction,168,1
i4x-Engineering-CS145-video-vid-triggers_introduction,169,1
i4x-Engineering-CS145-video-vid-triggers_introduction,170,1
i4x-Engineering-CS145-video-vid-triggers_introduction,171,1
i4x-Engineering-CS145-video-vid-triggers_introduction,172,1
i4x-Engineering-CS145-video-vid-triggers_introduction,173,1
i4x-Engineering-CS145-video-vid-triggers_introduction,174,1
i4x-Engineering-CS145-video-vid-triggers_introduction,175,1
i4x-Engineering-CS145-video-vid-triggers_introduction,176,1
i4x-Engineering-CS145-video-vid-triggers_introduction,177,1
i4x-Engineering-CS145-video-vid-triggers_introduction,178,1
i4x-Engineering-CS145-video-vid-triggers_introduction,179,1
i4x-Engineering-CS145-video-vid-triggers_introduction,180,1
i4x-Engineering-CS145-video-vid-triggers_introduction,181,1
i4x-Engineering-CS145-video-vid-triggers_introduction,182,1
i4x-Engineering-CS145-video-vid-triggers_introduction,183,1
i4x-Engineering-CS145-video-vid-triggers_introduction,184,1
i4x-Engineering-CS145-video-vid-triggers_introduction,185,1
i4x-Engineering-CS145-video-vid-triggers_introduction,186,1
i4x-Engineering-CS145-video-vid-triggers_introduction,187,1
i4x-Engineering-CS145-video-vid-triggers_introduction,188,1
i4x-Engineering-CS145-video-vid-triggers_introduction,189,1
i4x-Engineering-CS145-video-vid-triggers_introduction,190,1
i4x-Engineering-CS145-video-vid-triggers_introduction,191,1
i4x-Engineering-CS145-video-vid-triggers_introduction,192,1
i4x-Engineering-CS145-video-vid-triggers_introduction,193,1
i4x-Engineering-CS145-video-vid-triggers_introduction,194,1
i4x-Engineering-CS145-video-vid-triggers_introduction,195,1
i4x-Engineering-CS145-video-vid-triggers_introduction,196,1
i4x-Engineering-CS145-video-vid-triggers_introduction,197,1
i4x-Engineering-CS145-video-vid-triggers_introduction,198,1
i4x-Engineering-CS145-video-vid-triggers_introduction,199,1
i4x-Engineering-CS145-video-vid-triggers_introduction,200,1
i4x-Engineering-CS145-video-vid-triggers_introduction,201,1
i4x-Engineering-CS145-video-vid-triggers_introduction,202,1
i4x-Engineering-CS145-video-vid-triggers_introduction,203,1
i4x-Engineering-CS145-video-vid-triggers_introduction,204,1
i4x-Engineering-CS145-video-vid-triggers_introduction,205,1
i4x-Engineering-CS145-video-vid-triggers_introduction,206,1
i4x-Engineering-CS145-video-vid-triggers_introduction,207,1
i4x-Engineering-CS145-video-vid-triggers_introduction,208,1
i4x-Engineering-CS145-video-vid-triggers_introduction,209,1
i4x-Engineering-CS145-video-vid-triggers_introduction,210,1
i4x-Engineering-CS145-video-vid-triggers_introduction,211,1
i4x-Engineering-CS145-video-vid-triggers_introduction,212,1
i4x-Engineering-CS145-video-vid-triggers_introduction,213,1
i4x-Engineering-CS145-video-vid-triggers_introduction,214,1
i4x-Engineering-CS145-video-vid-triggers_introduction,215,1
i4x-Engineering-CS145-video-vid-triggers_introduction,216,1
i4x-Engineering-CS145-video-vid-triggers_introduction,217,1
i4x-Engineering-CS145-video-vid-triggers_introduction,218,1
i4x-Engineering-CS145-video-vid-triggers_introduction,219,1
i4x-Engineering-CS145-video-vid-triggers_introduction,220,1
i4x-Engineering-CS145-video-vid-triggers_introduction,221,1
i4x-Engineering-CS145-video-vid-triggers_introduction,222,1
i4x-Engineering-CS145-video-vid-triggers_introduction,223,1
i4x-Engineering-CS145-video-vid-triggers_introduction,224,1
i4x-Engineering-CS145-video-vid-triggers_introduction,225,1
i4x-Engineering-CS145-video-vid-triggers_introduction,226,1
i4x-Engineering-CS145-video-vid-triggers_introduction,227,1
i4x-Engineering-CS145-video-vid-triggers_introduction,228,1
i4x-Engineering-CS145-video-vid-triggers_introduction,229,1
i4x-Engineering-CS145-video-vid-triggers_introduction,230,1
i4x-Engineering-CS145-video-vid-triggers_introduction,231,1
i4x-Engineering-CS145-video-vid-triggers_introduction,232,1
i4x-Engineering-CS145-video-vid-triggers_introduction,233,1
i4x-Engineering-CS145-video-vid-triggers_introduction,234,1
i4x-Engineering-CS145-video-vid-triggers_introduction,235,1
i4x-Engineering-CS145-video-vid-triggers_introduction,236,1
i4x-Engineering-CS145-video-vid-triggers_introduction,237,1
i4x-Engineering-CS145-video-vid-triggers_introduction,238,1
i4x-Engineering-CS145-video-vid-triggers_introduction,239,1
i4x-Engineering-CS145-video-vid-triggers_introduction,240,1
i4x-Engineering-CS145-video-vid-triggers_introduction,241,1
i4x-Engineering-CS145-video-vid-triggers_introduction,242,1
i4x-Engineering-CS145-video-vid-triggers_introduction,243,1
i4x-Engineering-CS145-video-vid-triggers_introduction,244,1
i4x-Engineering-CS145-video-vid-triggers_introduction,245,1
i4x-Engineering-CS145-video-vid-triggers_introduction,246,1
i4x-Engineering-CS145-video-vid-triggers_introduction,247,1
i4x-Engineering-CS145-video-vid-triggers_introduction,248,1
i4x-Engineering-CS145-video-vid-triggers_introduction,249,1
i4x-Engineering-CS145-video-vid-triggers_introduction,250,1
i4x-Engineering-CS145-video-vid-triggers_introduction,251,1
i4x-Engineering-CS145-video-vid-triggers_introduction,252,1
i4x-Engineering-CS145-video-vid-triggers_introduction,253,1
i4x-Engineering-CS145-video-vid-triggers_introduction,254,1
i4x-Engineering-CS145-video-vid-triggers_introduction,255,1
i4x-Engineering-CS145-video-vid-triggers_introduction,256,1
i4x-Engineering-CS145-video-vid-triggers_introduction,257,1
i4x-Engineering-CS145-video-vid-triggers_introduction,258,1
i4x-Engineering-CS145-video-vid-triggers_introduction,259,1
i4x-Engineering-CS145-video-vid-triggers_introduction,260,1
i4x-Engineering-CS145-video-vid-triggers_introduction,261,1
i4x-Engineering-CS145-video-vid-triggers_introduction,262,1
i4x-Engineering-CS145-video-vid-triggers_introduction,263,1
i4x-Engineering-CS145-video-vid-triggers_introduction,264,1
i4x-Engineering-CS145-video-vid-triggers_introduction,265,1
i4x-Engineering-CS145-video-vid-triggers_introduction,266,1
i4x-Engineering-CS145-video-vid-triggers_introduction,267,1
i4x-Engineering-CS145-video-vid-triggers_introduction,268,1
i4x-Engineering-CS145-video-vid-triggers_introduction,269,1
i4x-Engineering-CS145-video-vid-triggers_introduction,270,1
i4x-Engineering-CS145-video-vid-triggers_introduction,271,1
i4x-Engineering-CS145-video-vid-triggers_introduction,272,1
i4x-Engineering-CS145-video-vid-triggers_introduction,273,1
i4x-Engineering-CS145-video-vid-triggers_introduction,274,1
i4x-Engineering-CS145-video-vid-triggers_introduction,275,1
i4x-Engineering-CS145-video-vid-triggers_introduction,276,1
i4x-Engineering-CS145-video-vid-triggers_introduction,277,1
i4x-Engineering-CS145-video-vid-triggers_introduction,278,1
i4x-Engineering-CS145-video-vid-triggers_introduction,279,1
i4x-Engineering-CS145-video-vid-triggers_introduction,280,1
i4x-Engineering-CS145-video-vid-triggers_introduction,281,1
i4x-Engineering-CS145-video-vid-triggers_introduction,282,1
i4x-Engineering-CS145-video-vid-triggers_introduction,283,1
i4x-Engineering-CS145-video-vid-triggers_introduction,284,1
i4x-Engineering-CS145-video-vid-triggers_introduction,285,1
i4x-Engineering-CS145-video-vid-triggers_introduction,286,1
i4x-Engineering-CS145-video-vid-triggers_introduction,287,1
i4x-Engineering-CS145-video-vid-triggers_introduction,288,1
i4x-Engineering-CS145-video-vid-triggers_introduction,289,1
i4x-Engineering-CS145-video-vid-triggers_introduction,290,1
i4x-Engineering-CS145-video-vid-triggers_introduction,291,1
i4x-Engineering-CS145-video-vid-triggers_introduction,292,1
i4x-Engineering-CS145-video-vid-triggers_introduction,293,1
i4x-Engineering-CS145-video-vid-triggers_introduction,294,1
i4x-Engineering-CS145-video-vid-triggers_introduction,295,1
i4x-Engineering-CS145-video-vid-triggers_introduction,296,1
i4x-Engineering-CS145-video-vid-triggers_introduction,297,1
i4x-Engineering-CS145-video-vid-triggers_introduction,298,1
i4x-Engineering-CS145-video-vid-triggers_introduction,299,1
i4x-Engineering-CS145-video-vid-triggers_introduction,300,1
i4x-Engineering-CS145-video-vid-triggers_introduction,301,1
i4x-Engineering-CS145-video-vid-triggers_introduction,302,1
i4x-Engineering-CS145-video-vid-triggers_introduction,303,1
i4x-Engineering-CS145-video-vid-triggers_introduction,304,1
i4x-Engineering-CS145-video-vid-triggers_introduction,305,1
i4x-Engineering-CS145-video-vid-triggers_introduction,306,1
i4x-Engineering-CS145-video-vid-triggers_introduction,307,1
i4x-Engineering-CS145-video-vid-triggers_introduction,308,1
i4x-Engineering-CS145-video-vid-triggers_introduction,309,1
i4x-Engineering-CS145-video-vid-triggers_introduction,310,1
i4x-Engineering-CS145-video-vid-triggers_introduction,311,1
i4x-Engineering-CS145-video-vid-triggers_introduction,312,1
i4x-Engineering-CS145-video-vid-triggers_introduction,313,1
i4x-Engineering-CS145-video-vid-triggers_introduction,314,1
i4x-Engineering-CS145-video-vid-triggers_introduction,315,1
i4x-Engineering-CS145-video-vid-triggers_introduction,316,1
i4x-Engineering-CS145-video-vid-triggers_introduction,317,1
i4x-Engineering-CS145-video-vid-triggers_introduction,318,1
i4x-Engineering-CS145-video-vid-triggers_introduction,319,1
i4x-Engineering-CS145-video-vid-triggers_introduction,320,1
i4x-Engineering-CS145-video-vid-triggers_introduction,321,1
i4x-Engineering-CS145-video-vid-triggers_introduction,322,1
i4x-Engineering-CS145-video-vid-triggers_introduction,323,1
i4x-Engineering-CS145-video-vid-triggers_introduction,324,1
i4x-Engineering-CS145-video-vid-triggers_introduction,325,1
i4x-Engineering-CS145-video-vid-triggers_introduction,326,1
i4x-Engineering-CS145-video-vid-triggers_introduction,327,1
i4x-Engineering-CS145-video-vid-triggers_introduction,328,1
i4x-Engineering-CS145-video-vid-triggers_introduction,329,1
i4x-Engineering-CS145-video-vid-triggers_introduction,330,1
i4x-Engineering-CS145-video-vid-triggers_introduction,331,1
i4x-Engineering-CS145-video-vid-triggers_introduction,332,1
i4x-Engineering-CS145-video-vid-triggers_introduction,333,1
i4x-Engineering-CS145-video-vid-triggers_introduction,334,1
i4x-Engineering-CS145-video-vid-triggers_introduction,335,1
i4x-Engineering-CS145-video-vid-triggers_introduction,336,1
i4x-Engineering-CS145-video-vid-triggers_introduction,337,1
i4x-Engineering-CS145-video-vid-triggers_introduction,338,1
i4x-Engineering-CS145-video-vid-triggers_introduction,339,1
i4x-Engineering-CS145-video-vid-triggers_introduction,340,1
i4x-Engineering-CS145-video-vid-triggers_introduction,341,1
i4x-Engineering-CS145-video-vid-triggers_introduction,342,1
i4x-Engineering-CS145-video-vid-triggers_introduction,343,1
i4x-Engineering-CS145-video-vid-triggers_introduction,344,1
i4x-Engineering-CS145-video-vid-triggers_introduction,345,1
i4x-Engineering-CS145-video-vid-triggers_introduction,346,1
i4x-Engineering-CS145-video-vid-triggers_introduction,347,1
i4x-Engineering-CS145-video-vid-triggers_introduction,348,1
i4x-Engineering-CS145-video-vid-triggers_introduction,349,1
i4x-Engineering-CS145-video-vid-triggers_introduction,350,1
i4x-Engineering-CS145-video-vid-triggers_introduction,351,1
i4x-Engineering-CS145-video-vid-triggers_introduction,352,1
i4x-Engineering-CS145-video-vid-triggers_introduction,353,1
i4x-Engineering-CS145-video-vid-triggers_introduction,354,1
i4x-Engineering-CS145-video-vid-triggers_introduction,355,1
i4x-Engineering-CS145-video-vid-triggers_introduction,356,1
i4x-Engineering-CS145-video-vid-triggers_introduction,357,1
i4x-Engineering-CS145-video-vid-triggers_introduction,358,1
i4x-Engineering-CS145-video-vid-triggers_introduction,359,1
i4x-Engineering-CS145-video-vid-triggers_introduction,360,1
i4x-Engineering-CS145-video-vid-triggers_introduction,361,1
i4x-Engineering-CS145-video-vid-triggers_introduction,362,1
i4x-Engineering-CS145-video-vid-triggers_introduction,363,1
i4x-Engineering-CS145-video-vid-triggers_introduction,364,1
i4x-Engineering-CS145-video-vid-triggers_introduction,365,1
i4x-Engineering-CS145-video-vid-triggers_introduction,366,1
i4x-Engineering-CS145-video-vid-triggers_introduction,367,1
i4x-Engineering-CS145-video-vid-triggers_introduction,368,1
i4x-Engineering-CS145-video-vid-triggers_introduction,369,1
i4x-Engineering-CS145-video-vid-triggers_introduction,370,1
i4x-Engineering-CS145-video-vid-triggers_introduction,371,1
i4x-Engineering-CS145-video-vid-triggers_introduction,372,1
i4x-Engineering-CS145-video-vid-triggers_introduction,373,1
i4x-Engineering-CS145-video-vid-triggers_introduction,374,1
i4x-Engineering-CS145-video-vid-triggers_introduction,375,1
i4x-Engineering-CS145-video-vid-triggers_introduction,376,1
i4x-Engineering-CS145-video-vid-triggers_introduction,377,1
i4x-Engineering-CS145-video-vid-triggers_introduction,378,1
i4x-Engineering-CS145-video-vid-triggers_introduction,379,1
i4x-Engineering-CS145-video-vid-triggers_introduction,380,1
i4x-Engineering-CS145-video-vid-triggers_introduction,381,1
i4x-Engineering-CS145-video-vid-triggers_introduction,382,1
i4x-Engineering-CS145-video-vid-triggers_introduction,383,1
i4x-Engineering-CS145-video-vid-triggers_introduction,384,1
i4x-Engineering-CS145-video-vid-triggers_introduction,385,1
i4x-Engineering-CS145-video-vid-triggers_introduction,386,1
i4x-Engineering-CS145-video-vid-triggers_introduction,387,1
i4x-Engineering-CS145-video-vid-triggers_introduction,388,1
i4x-Engineering-CS145-video-vid-triggers_introduction,389,1
i4x-Engineering-CS145-video-vid-triggers_introduction,390,1
i4x-Engineering-CS145-video-vid-triggers_introduction,391,1
i4x-Engineering-CS145-video-vid-triggers_introduction,392,1
i4x-Engineering-CS145-video-vid-triggers_introduction,393,1
i4x-Engineering-CS145-video-vid-triggers_introduction,394,1
i4x-Engineering-CS145-video-vid-triggers_introduction,395,1
i4x-Engineering-CS145-video-vid-triggers_introduction,396,1
i4x-Engineering-CS145-video-vid-triggers_introduction,397,1
i4x-Engineering-CS145-video-vid-triggers_introduction,398,1
i4x-Engineering-CS145-video-vid-triggers_introduction,399,1
i4x-Engineering-CS145-video-vid-triggers_introduction,400,1
i4x-Engineering-CS145-video-vid-triggers_introduction,401,1
i4x-Engineering-CS145-video-vid-triggers_introduction,402,1
i4x-Engineering-CS145-video-vid-triggers_introduction,403,1
i4x-Engineering-CS145-video-vid-triggers_introduction,404,1
i4x-Engineering-CS145-video-vid-triggers_introduction,405,1
i4x-Engineering-CS145-video-vid-triggers_introduction,406,1
i4x-Engineering-CS145-video-vid-triggers_introduction,407,1
i4x-Engineering-CS145-video-vid-triggers_introduction,408,1
i4x-Engineering-CS145-video-vid-triggers_introduction,409,1
i4x-Engineering-CS145-video-vid-triggers_introduction,410,1
i4x-Engineering-CS145-video-vid-triggers_introduction,411,1
i4x-Engineering-CS145-video-vid-triggers_introduction,412,1
i4x-Engineering-CS145-video-vid-triggers_introduction,413,1
i4x-Engineering-CS145-video-vid-triggers_introduction,414,1
i4x-Engineering-CS145-video-vid-triggers_introduction,415,1
i4x-Engineering-CS145-video-vid-triggers_introduction,416,1
i4x-Engineering-CS145-video-vid-triggers_introduction,417,1
i4x-Engineering-CS145-video-vid-triggers_introduction,418,1
i4x-Engineering-CS145-video-vid-triggers_introduction,419,1
i4x-Engineering-CS145-video-vid-triggers_introduction,420,1
i4x-Engineering-CS145-video-vid-triggers_introduction,421,1
i4x-Engineering-CS145-video-vid-triggers_introduction,422,1
i4x-Engineering-CS145-video-vid-triggers_introduction,423,1
i4x-Engineering-CS145-video-vid-triggers_introduction,424,1
i4x-Engineering-CS145-video-vid-triggers_introduction,425,1
i4x-Engineering-CS145-video-vid-triggers_introduction,426,1
i4x-Engineering-CS145-video-vid-triggers_introduction,427,1
i4x-Engineering-CS145-video-vid-triggers_introduction,428,1
i4x-Engineering-CS145-video-vid-triggers_introduction,429,1
i4x-Engineering-CS145-video-vid-triggers_introduction,430,1
i4x-Engineering-CS145-video-vid-triggers_introduction,431,1
i4x-Engineering-CS145-video-vid-triggers_introduction,432,1
i4x-Engineering-CS145-video-vid-triggers_introduction,433,1
i4x-Engineering-CS145-video-vid-triggers_introduction,434,1
i4x-Engineering-CS145-video-vid-triggers_introduction,435,1
i4x-Engineering-CS145-video-vid-triggers_introduction,436,1
i4x-Engineering-CS145-video-vid-triggers_introduction,437,1
i4x-Engineering-CS145-video-vid-triggers_introduction,438,1
i4x-Engineering-CS145-video-vid-triggers_introduction,439,1
i4x-Engineering-CS145-video-vid-triggers_introduction,440,1
i4x-Engineering-CS145-video-vid-triggers_introduction,441,1
i4x-Engineering-CS145-video-vid-triggers_introduction,442,1
i4x-Engineering-CS145-video-vid-triggers_introduction,443,1
i4x-Engineering-CS145-video-vid-triggers_introduction,444,1
i4x-Engineering-CS145-video-vid-triggers_introduction,445,1
i4x-Engineering-CS145-video-vid-triggers_introduction,446,1
i4x-Engineering-CS145-video-vid-triggers_introduction,447,1
i4x-Engineering-CS145-video-vid-triggers_introduction,448,1
i4x-Engineering-CS145-video-vid-triggers_introduction,449,1
i4x-Engineering-CS145-video-vid-triggers_introduction,450,1
i4x-Engineering-CS145-video-vid-triggers_introduction,451,1
i4x-Engineering-CS145-video-vid-triggers_introduction,452,1
i4x-Engineering-CS145-video-vid-triggers_introduction,453,1
i4x-Engineering-CS145-video-vid-triggers_introduction,454,1
i4x-Engineering-CS145-video-vid-triggers_introduction,455,1
i4x-Engineering-CS145-video-vid-triggers_introduction,456,1
i4x-Engineering-CS145-video-vid-triggers_introduction,457,1
i4x-Engineering-CS145-video-vid-triggers_introduction,458,1
i4x-Engineering-CS145-video-vid-triggers_introduction,459,1
i4x-Engineering-CS145-video-vid-triggers_introduction,460,1
i4x-Engineering-CS145-video-vid-triggers_introduction,461,1
i4x-Engineering-CS145-video-vid-triggers_introduction,462,1
i4x-Engineering-CS145-video-vid-triggers_introduction,463,1
i4x-Engineering-CS145-video-vid-triggers_introduction,464,1
i4x-Engineering-CS145-video-vid-triggers_introduction,465,1
i4x-Engineering-CS145-video-vid-triggers_introduction,466,1
i4x-Engineering-CS145-video-vid-triggers_introduction,467,1
i4x-Engineering-CS145-video-vid-triggers_introduction,468,1
i4x-Engineering-CS145-video-vid-triggers_introduction,469,1
i4x-Engineering-CS145-video-vid-triggers_introduction,470,1
i4x-Engineering-CS145-video-vid-triggers_introduction,471,1
i4x-Engineering-CS145-video-vid-triggers_introduction,472,1
i4x-Engineering-CS145-video-vid-triggers_introduction,473,1
i4x-Engineering-CS145-video-vid-triggers_introduction,474,1
i4x-Engineering-CS145-video-vid-triggers_introduction,475,1
i4x-Engineering-CS145-video-vid-triggers_introduction,476,1
i4x-Engineering-CS145-video-vid-triggers_introduction,477,1
i4x-Engineering-CS145-video-vid-triggers_introduction,478,1
i4x-Engineering-CS145-video-vid-triggers_introduction,479,1
i4x-Engineering-CS145-video-vid-triggers_introduction,480,1
i4x-Engineering-CS145-video-vid-triggers_introduction,481,1
i4x-Engineering-CS145-video-vid-triggers_introduction,482,1
i4x-Engineering-CS145-video-vid-triggers_introduction,483,1
i4x-Engineering-CS145-video-vid-triggers_introduction,484,1
i4x-Engineering-CS145-video-vid-triggers_introduction,485,1
i4x-Engineering-CS145-video-vid-triggers_introduction,486,1
i4x-Engineering-CS145-video-vid-triggers_introduction,487,1
i4x-Engineering-CS145-video-vid-triggers_introduction,488,1
i4x-Engineering-CS145-video-vid-triggers_introduction,489,1
i4x-Engineering-CS145-video-vid-triggers_introduction,490,1
i4x-Engineering-CS145-video-vid-triggers_introduction,491,1
i4x-Engineering-CS145-video-vid-triggers_introduction,492,1
i4x-Engineering-CS145-video-vid-triggers_introduction,493,1
i4x-Engineering-CS145-video-vid-triggers_introduction,494,1
i4x-Engineering-CS145-video-vid-triggers_introduction,495,1
i4x-Engineering-CS145-video-vid-triggers_introduction,496,1
i4x-Engineering-CS145-video-vid-triggers_introduction,497,1
i4x-Engineering-CS145-video-vid-triggers_introduction,498,1
i4x-Engineering-CS145-video-vid-triggers_introduction,499,1
i4x-Engineering-CS145-video-vid-triggers_introduction,500,1
i4x-Engineering-CS145-video-vid-triggers_introduction,501,1
i4x-Engineering-CS145-video-vid-triggers_introduction,502,1
i4x-Engineering-CS145-video-vid-triggers_introduction,503,1
i4x-Engineering-CS145-video-vid-triggers_introduction,504,1
i4x-Engineering-CS145-video-vid-triggers_introduction,505,1
i4x-Engineering-CS145-video-vid-triggers_introduction,506,1
i4x-Engineering-CS145-video-vid-triggers_introduction,507,1
i4x-Engineering-CS145-video-vid-triggers_introduction,508,1
i4x-Engineering-CS145-video-vid-triggers_introduction,509,1
i4x-Engineering-CS145-video-vid-triggers_introduction,510,1
i4x-Engineering-CS145-video-vid-triggers_introduction,511,1
i4x-Engineering-CS145-video-vid-triggers_introduction,512,1
i4x-Engineering-CS145-video-vid-triggers_introduction,513,1
i4x-Engineering-CS145-video-vid-triggers_introduction,514,1
i4x-Engineering-CS145-video-vid-triggers_introduction,515,1
i4x-Engineering-CS145-video-vid-triggers_introduction,516,1
i4x-Engineering-CS145-video-vid-triggers_introduction,517,1
i4x-Engineering-CS145-video-vid-triggers_introduction,518,1
i4x-Engineering-CS145-video-vid-triggers_introduction,532,1
i4x-Engineering-CS145-video-vid-triggers_introduction,533,1
i4x-Engineering-CS145-video-vid-triggers_introduction,534,1
i4x-Engineering-CS145-video-vid-triggers_introduction,535,1
i4x-Engineering-CS145-video-vid-triggers_introduction,536,1
i4x-Engineering-CS145-video-vid-triggers_introduction,537,1
i4x-Engineering-CS145-video-vid-triggers_introduction,538,1
i4x-Engineering-CS145-video-vid-triggers_introduction,539,1
i4x-Engineering-CS145-video-vid-triggers_introduction,540,1
i4x-Engineering-CS145-video-vid-triggers_introduction,541,1
i4x-Engineering-CS145-video-vid-triggers_introduction,542,1
i4x-Engineering-CS145-video-vid-triggers_introduction,543,1
i4x-Engineering-CS145-video-vid-triggers_introduction,544,1
i4x-Engineering-CS145-video-vid-triggers_introduction,545,1
i4x-Engineering-CS145-video-vid-triggers_introduction,546,1
i4x-Engineering-CS145-video-vid-triggers_introduction,547,1
i4x-Engineering-CS145-video-vid-triggers_introduction,548,1
i4x-Engineering-CS145-video-vid-triggers_introduction,549,1
i4x-Engineering-CS145-video-vid-triggers_introduction,550,1
i4x-Engineering-CS145-video-vid-triggers_introduction,551,1
i4x-Engineering-CS145-video-vid-triggers_introduction,552,1
i4x-Engineering-CS145-video-vid-triggers_introduction,553,1
i4x-Engineering-CS145-video-vid-triggers_introduction,554,1
i4x-Engineering-CS145-video-vid-triggers_introduction,555,1
i4x-Engineering-CS145-video-vid-triggers_introduction,556,1
i4x-Engineering-CS145-video-vid-triggers_introduction,557,1
i4x-Engineering-CS145-video-vid-triggers_introduction,558,1
i4x-Engineering-CS145-video-vid-triggers_introduction,559,1
i4x-Engineering-CS145-video-vid-triggers_introduction,560,1
i4x-Engineering-CS145-video-vid-triggers_introduction,561,1
i4x-Engineering-CS145-video-vid-triggers_introduction,562,1
i4x-Engineering-CS145-video-vid-triggers_introduction,563,1
i4x-Engineering-CS145-video-vid-triggers_introduction,564,1
i4x-Engineering-CS145-video-vid-triggers_introduction,565,1
i4x-Engineering-CS145-video-vid-triggers_introduction,566,1
i4x-Engineering-CS145-video-vid-triggers_introduction,567,1
i4x-Engineering-CS145-video-vid-triggers_introduction,568,1
i4x-Engineering-CS145-video-vid-triggers_introduction,569,1
i4x-Engineering-CS145-video-vid-triggers_introduction,570,1
i4x-Engineering-CS145-video-vid-triggers_introduction,571,1
i4x-Engineering-CS145-video-vid-triggers_introduction,572,1
i4x-Engineering-CS145-video-vid-triggers_introduction,573,1
i4x-Engineering-CS145-video-vid-triggers_introduction,574,1
i4x-Engineering-CS145-video-vid-triggers_introduction,575,1
i4x-Engineering-CS145-video-vid-triggers_introduction,576,1
i4x-Engineering-CS145-video-vid-triggers_introduction,577,1
i4x-Engineering-CS145-video-vid-triggers_introduction,578,1
i4x-Engineering-CS145-video-vid-triggers_introduction,579,1
i4x-Engineering-CS145-video-vid-triggers_introduction,580,1
i4x-Engineering-CS145-video-vid-triggers_introduction,581,1
i4x-Engineering-CS145-video-vid-triggers_introduction,582,1
i4x-Engineering-CS145-video-vid-triggers_introduction,583,1
i4x-Engineering-CS145-video-vid-triggers_introduction,584,1
i4x-Engineering-CS145-video-vid-triggers_introduction,585,1
i4x-Engineering-CS145-video-vid-triggers_introduction,586,1
i4x-Engineering-CS145-video-vid-triggers_introduction,587,1
i4x-Engineering-CS145-video-vid-triggers_introduction,588,1
i4x-Engineering-CS145-video-vid-triggers_introduction,589,1
i4x-Engineering-CS145-video-vid-triggers_introduction,590,1
i4x-Engineering-CS145-video-vid-triggers_introduction,591,1
i4x-Engineering-CS145-video-vid-triggers_introduction,592,1
i4x-Engineering-CS145-video-vid-triggers_introduction,593,1
i4x-Engineering-CS145-video-vid-triggers_introduction,594,1
i4x-Engineering-CS145-video-vid-triggers_introduction,595,1
i4x-Engineering-CS145-video-vid-triggers_introduction,596,1
i4x-Engineering-CS145-video-vid-triggers_introduction,597,1
i4x-Engineering-CS145-video-vid-triggers_introduction,598,1
i4x-Engineering-CS145-video-vid-triggers_introduction,599,1
i4x-Engineering-CS145-video-vid-triggers_introduction,600,1
i4x-Engineering-CS145-video-vid-triggers_introduction,601,2
i4x-Engineering-CS145-video-vid-triggers_introduction,602,2
i4x-Engineering-CS145-video-vid-triggers_introduction,603,2
i4x-Engineering-CS145-video-vid-triggers_introduction,604,2
i4x-Engineering-CS145-video-vid-triggers_introduction,605,2
i4x-Engineering-CS145-video-vid-triggers_introduction,606,2
i4x-Engineering-CS145-video-vid-triggers_introduction,607,2
i4x-Engineering-CS145-video-vid-triggers_introduction,608,2
i4x-Engineering-CS145-video-vid-triggers_introduction,609,2
i4x-Engineering-CS145-video-vid-triggers_introduction,610,2
i4x-Engineering-CS145-video-vid-triggers_introduction,611,2
i4x-Engineering-CS145-video-vid-triggers_introduction,612,2
i4x-Engineering-CS145-video-vid-triggers_introduction,613,2
i4x-Engineering-CS145-video-vid-triggers_introduction,614,2
i4x-Engineering-CS145-video-vid-triggers_introduction,615,2
i4x-Engineering-CS145-video-vid-triggers_introduction,616,2
i4x-Engineering-CS145-video-vid-triggers_introduction,617,2
i4x-Engineering-CS145-video-vid-triggers_introduction,618,2
i4x-Engineering-CS145-video-vid-triggers_introduction,619,2
i4x-Engineering-CS145-video-vid-triggers_introduction,620,2
i4x-Engineering-CS145-video-vid-triggers_introduction,621,2
i4x-Engineering-CS145-video-vid-triggers_introduction,622,2
i4x-Engineering-CS145-video-vid-triggers_introduction,623,2
i4x-Engineering-CS145-video-vid-triggers_introduction,624,2
i4x-Engineering-CS145-video-vid-triggers_introduction,625,2
i4x-Engineering-CS145-video-vid-triggers_introduction,626,2
i4x-Engineering-CS145-video-vid-triggers_introduction,627,2
i4x-Engineering-CS145-video-vid-triggers_introduction,628,2
i4x-Engineering-CS145-video-vid-triggers_introduction,629,2
i4x-Engineering-CS145-video-vid-triggers_introduction,630,2
i4x-Engineering-CS145-video-vid-triggers_introduction,631,2
i4x-Engineering-CS145-video-vid-triggers_introduction,632,2
i4x-Engineering-CS145-video-vid-triggers_introduction,633,2
i4x-Engineering-CS145-video-vid-triggers_introduction,634,2
i4x-Engineering-CS145-video-vid-triggers_introduction,635,2
i4x-Engineering-CS145-video-vid-triggers_introduction,636,2
i4x-Engineering-CS145-video-vid-triggers_introduction,637,2
i4x-Engineering-CS145-video-vid-triggers_introduction,638,1
i4x-Engineering-CS145-video-vid-triggers_introduction,639,1
i4x-Engineering-CS145-video-vid-triggers_introduction,640,1
i4x-Engineering-CS145-video-vid-triggers_introduction,641,1
i4x-Engineering-CS145-video-vid-triggers_introduction,642,1
i4x-Engineering-CS145-video-vid-triggers_introduction,643,1
i4x-Engineering-CS145-video-vid-triggers_introduction,644,1
i4x-Engineering-CS145-video-vid-triggers_introduction,645,1
i4x-Engineering-CS145-video-vid-triggers_introduction,646,1
i4x-Engineering-CS145-video-vid-triggers_introduction,647,1
i4x-Engineering-CS145-video-vid-triggers_introduction,648,1
i4x-Engineering-CS145-video-vid-triggers_introduction,649,1
i4x-Engineering-CS145-video-vid-triggers_introduction,650,1
i4x-Engineering-CS145-video-vid-triggers_introduction,651,1
i4x-Engineering-CS145-video-vid-triggers_introduction,652,1
i4x-Engineering-CS145-video-vid-triggers_introduction,653,1
i4x-Engineering-CS145-video-vid-triggers_introduction,654,1
i4x-Engineering-CS145-video-vid-triggers_introduction,655,1
i4x-Engineering-CS145-video-vid-triggers_introduction,656,1
i4x-Engineering-CS145-video-vid-triggers_introduction,657,1
i4x-Engineering-CS145-video-vid-triggers_introduction,658,1
i4x-Engineering-CS145-video-vid-triggers_introduction,659,1
i4x-Engineering-CS145-video-vid-triggers_introduction,660,1
i4x-Engineering-CS145-video-vid-triggers_introduction,661,1
i4x-Engineering-CS145-video-vid-triggers_introduction,662,1
i4x-Engineering-CS145-video-vid-triggers_introduction,663,1
i4x-Engineering-CS145-video-vid-triggers_introduction,664,1
i4x-Engineering-CS145-video-vid-triggers_introduction,665,1
i4x-Engineering-CS145-video-vid-triggers_introduction,666,1
i4x-Engineering-CS145-video-vid-triggers_introduction,667,1
i4x-Engineering-CS145-video-vid-triggers_introduction,668,1
i4x-Engineering-CS145-video-vid-triggers_introduction,669,1
i4x-Engineering-CS145-video-vid-triggers_introduction,670,1
i4x-Engineering-CS145-video-vid-triggers_introduction,671,1
i4x-Engineering-CS145-video-vid-triggers_introduction,672,1
i4x-Engineering-CS145-video-vid-triggers_introduction,673,1
i4x-Engineering-CS145-video-vid-triggers_introduction,674,1
i4x-Engineering-CS145-video-vid-triggers_introduction,675,1
i4x-Engineering-CS145-video-vid-triggers_introduction,676,1
i4x-Engineering-CS145-video-vid-triggers_introduction,677,1
i4x-Engineering-CS145-video-vid-triggers_introduction,678,1
i4x-Engineering-CS145-video-vid-triggers_introduction,679,1
i4x-Engineering-CS145-video-vid-triggers_introduction,680,1
i4x-Engineering-CS145-video-vid-triggers_introduction,681,1
i4x-Engineering-CS145-video-vid-triggers_introduction,682,1
i4x-Engineering-CS145-video-vid-triggers_introduction,683,1
i4x-Engineering-CS145-video-vid-triggers_introduction,684,1
i4x-Engineering-CS145-video-vid-triggers_introduction,685,1
i4x-Engineering-CS145-video-vid-triggers_introduction,686,1
i4x-Engineering-CS145-video-vid-triggers_introduction,687,1
i4x-Engineering-CS145-video-vid-triggers_introduction,688,1
i4x-Engineering-CS145-video-vid-triggers_introduction,689,1
i4x-Engineering-CS145-video-vid-triggers_introduction,690,1
i4x-Engineering-CS145-video-vid-triggers_introduction,691,1
i4x-Engineering-CS145-video-vid-triggers_introduction,692,1
i4x-Engineering-CS145-video-vid-triggers_introduction,693,1
i4x-Engineering-CS145-video-vid-triggers_introduction,694,1
i4x-Engineering-CS145-video-vid-triggers_introduction,695,1
i4x-Engineering-CS145-video-vid-triggers_introduction,696,1
i4x-Engineering-CS145-video-vid-triggers_introduction,697,1
i4x-Engineering-CS145-video-vid-triggers_introduction,698,1
i4x-Engineering-CS145-video-vid-triggers_introduction,699,1
i4x-Engineering-CS145-video-vid-triggers_introduction,700,1
i4x-Engineering-CS145-video-vid-triggers_introduction,701,1
i4x-Engineering-CS145-video-vid-triggers_introduction,702,1
i4x-Engineering-CS145-video-vid-triggers_introduction,703,1
i4x-Engineering-CS145-video-vid-triggers_introduction,704,1
i4x-Engineering-CS145-video-vid-triggers_introduction,705,1
i4x-Engineering-CS145-video-vid-triggers_introduction,706,1
i4x-Engineering-CS145-video-vid-triggers_introduction,707,1
i4x-Engineering-CS145-video-vid-triggers_introduction,708,1
i4x-Engineering-CS145-video-vid-triggers_introduction,709,1
i4x-Engineering-CS145-video-vid-triggers_introduction,710,1
i4x-Engineering-CS145-video-vid-triggers_introduction,711,1
i4x-Engineering-CS145-video-vid-triggers_introduction,712,1
i4x-Engineering-CS145-video-vid-triggers_introduction,713,1
i4x-Engineering-CS145-video-vid-triggers_introduction,714,1
i4x-Engineering-CS145-video-vid-triggers_introduction,715,1
i4x-Engineering-CS145-video-vid-triggers_introduction,716,1
i4x-Engineering-CS145-video-vid-triggers_introduction,717,1
i4x-Engineering-CS145-video-vid-triggers_introduction,718,1
i4x-Engineering-CS145-video-vid-triggers_introduction,719,1
i4x-Engineering-CS145-video-vid-triggers_introduction,720,1
i4x-Engineering-CS145-video-vid-triggers_introduction,721,1
i4x-Engineering-CS145-video-vid-triggers_introduction,722,1
i4x-Engineering-CS145-video-vid-triggers_introduction,723,1
i4x-Engineering-CS145-video-vid-triggers_introduction,724,1
i4x-Engineering-CS145-video-vid-triggers_introduction,725,1
i4x-Engineering-CS145-video-vid-triggers_introduction,726,1
i4x-Engineering-CS145-video-vid-triggers_introduction,727,1
i4x-Engineering-CS145-video-vid-triggers_introduction,728,1
i4x-Engineering-CS145-video-vid-triggers_introduction,729,1
i4x-Engineering-CS145-video-vid-triggers_introduction,730,1
i4x-Engineering-CS145-video-vid-triggers_introduction,731,1
i4x-Engineering-CS145-video-vid-triggers_introduction,732,1
i4x-Engineering-CS145-video-vid-triggers_introduction,733,1
i4x-Engineering-CS145-video-vid-triggers_introduction,734,1
i4x-Engineering-CS145-video-vid-triggers_introduction,735,1
i4x-Engineering-CS145-video-vid-triggers_introduction,736,1
i4x-Engineering-CS145-video-vid-triggers_introduction,737,1
i4x-Engineering-CS145-video-vid-triggers_introduction,738,1
i4x-Engineering-CS145-video-vid-triggers_introduction,739,1
i4x-Engineering-CS145-video-vid-triggers_introduction,740,1
i4x-Engineering-CS145-video-vid-triggers_introduction,741,1
i4x-Engineering-CS145-video-vid-triggers_introduction,742,1
i4x-Engineering-CS145-video-vid-triggers_introduction,743,1
i4x-Engineering-CS145-video-vid-triggers_introduction,744,1
i4x-Engineering-CS145-video-vid-triggers_introduction,745,1
i4x-Engineering-CS145-video-vid-triggers_introduction,746,1
i4x-Engineering-CS145-video-vid-triggers_introduction,747,1
i4x-Engineering-CS145-video-vid-triggers_introduction,748,1
i4x-Engineering-CS145-video-vid-triggers_introduction,749,1
i4x-Engineering-CS145-video-vid-triggers_introduction,750,1
i4x-Engineering-CS145-video-vid-triggers_introduction,751,1
i4x-Engineering-CS145-video-vid-triggers_introduction,752,1
i4x-Engineering-CS145-video-vid-triggers_introduction,753,1
i4x-Engineering-CS145-video-vid-triggers_introduction,754,1
i4x-Engineering-CS145-video-vid-triggers_introduction,755,1
i4x-Engineering-CS145-video-vid-triggers_introduction,756,1
i4x-Engineering-CS145-video-vid-triggers_introduction,757,1
i4x-Engineering-CS145-video-vid-triggers_introduction,758,1
i4x-Engineering-CS145-video-vid-triggers_introduction,759,1
i4x-Engineering-CS145-video-vid-triggers_introduction,760,1
i4x-Engineering-CS145-video-vid-triggers_introduction,761,1
i4x-Engineering-CS145-video-vid-triggers_introduction,762,1
i4x-Engineering-CS145-video-vid-triggers_introduction,763,1
i4x-Engineering-CS145-video-vid-triggers_introduction,764,1
i4x-Engineering-CS145-video-vid-triggers_introduction,765,1
i4x-Engineering-CS145-video-vid-triggers_introduction,766,1
i4x-Engineering-CS145-video-vid-triggers_introduction,767,1
i4x-Engineering-CS145-video-vid-triggers_introduction,768,1
i4x-Engineering-CS145-video-vid-triggers_introduction,769,1
i4x-Engineering-CS145-video-vid-triggers_introduction,770,1
i4x-Engineering-CS145-video-vid-triggers_introduction,771,1
i4x-Engineering-CS145-video-vid-triggers_introduction,772,1
i4x-Engineering-CS145-video-vid-triggers_introduction,773,1
i4x-Engineering-CS145-video-vid-triggers_introduction,774,1
i4x-Engineering-CS145-video-vid-triggers_introduction,775,1
i4x-Engineering-CS145-video-vid-triggers_introduction,776,1
i4x-Engineering-CS145-video-vid-triggers_introduction,777,1
i4x-Engineering-CS145-video-vid-triggers_introduction,778,1
i4x-Engineering-CS145-video-vid-triggers_introduction,779,1
i4x-Engineering-CS145-video-vid-triggers_introduction,780,1
i4x-Engineering-CS145-video-vid-triggers_introduction,781,1
i4x-Engineering-CS145-video-vid-triggers_introduction,782,1
i4x-Engineering-CS145-video-vid-triggers_introduction,783,1
i4x-Engineering-CS145-video-vid-triggers_introduction,784,1
i4x-Engineering-CS145-video-vid-triggers_introduction,785,1
i4x-Engineering-CS145-video-vid-triggers_introduction,786,1
i4x-Engineering-CS145-video-vid-triggers_introduction,787,1
i4x-Engineering-CS145-video-vid-triggers_introduction,788,1
i4x-Engineering-CS145-video-vid-triggers_introduction,789,1
i4x-Engineering-CS145-video-vid-triggers_introduction,790,1
i4x-Engineering-CS145-video-vid-triggers_introduction,791,1
i4x-Engineering-CS145-video-vid-triggers_introduction,792,1
i4x-Engineering-CS145-video-vid-triggers_introduction,793,1
i4x-Engineering-CS145-video-vid-triggers_introduction,794,1
i4x-Engineering-CS145-video-vid-triggers_introduction,795,1
i4x-Engineering-CS145-video-vid-triggers_introduction,796,1
i4x-Engineering-CS145-video-vid-triggers_introduction,797,1
i4x-Engineering-CS145-video-vid-triggers_introduction,798,1
i4x-Engineering-CS145-video-vid-triggers_introduction,799,1
i4x-Engineering-CS145-video-vid-triggers_introduction,800,1
i4x-Engineering-CS145-video-vid-triggers_introduction,801,1
i4x-Engineering-CS145-video-vid-triggers_introduction,802,1
i4x-Engineering-CS145-video-vid-triggers_introduction,803,1
i4x-Engineering-CS145-video-vid-triggers_introduction,804,1
i4x-Engineering-CS145-video-vid-triggers_introduction,805,1
i4x-Engineering-CS145-video-vid-triggers_introduction,806,1
i4x-Engineering-CS145-video-vid-triggers_introduction,807,1
i4x-Engineering-CS145-video-vid-triggers_introduction,808,1
i4x-Engineering-CS145-video-vid-triggers_introduction,809,1
i4x-Engineering-CS145-video-vid-triggers_introduction,810,1
i4x-Engineering-CS145-video-vid-triggers_introduction,811,1
i4x-Engineering-CS145-video-vid-triggers_introduction,812,1
i4x-Engineering-CS145-video-vid-triggers_introduction,813,1
i4x-Engineering-CS145-video-vid-triggers_introduction,814,1
i4x-Engineering-CS145-video-vid-triggers_introduction,815,1
i4x-Engineering-CS145-video-vid-triggers_introduction,816,1
i4x-Engineering-CS145-video-vid-triggers_introduction,817,1
i4x-Engineering-CS145-video-vid-triggers_introduction,818,1
i4x-Engineering-CS145-video-vid-triggers_introduction,819,1
i4x-Engineering-CS145-video-vid-triggers_introduction,820,1
i4x-Engineering-CS145-video-vid-triggers_introduction,821,1
i4x-Engineering-CS145-video-vid-triggers_introduction,822,1
i4x-Engineering-CS145-video-vid-triggers_introduction,823,1
i4x-Engineering-CS145-video-vid-triggers_introduction,824,1
i4x-Engineering-CS145-video-vid-triggers_introduction,825,1
i4x-Engineering-CS145-video-vid-triggers_introduction,826,1
i4x-Engineering-CS145-video-vid-triggers_introduction,827,1
i4x-Engineering-CS145-video-vid-triggers_introduction,828,1
i4x-Engineering-CS145-video-vid-triggers_introduction,829,1
i4x-Engineering-CS145-video-vid-triggers_introduction,830,1
i4x-Engineering-CS145-video-vid-triggers_introduction,831,1
i4x-Engineering-CS145-video-vid-triggers_introduction,832,1
i4x-Engineering-CS145-video-vid-triggers_introduction,833,1
i4x-Engineering-CS145-video-vid-triggers_introduction,834,1
i4x-Engineering-CS145-video-vid-triggers_introduction,835,1
i4x-Engineering-CS145-video-vid-triggers_introduction,836,1
i4x-Engineering-CS145-video-vid-triggers_introduction,837,1
i4x-Engineering-CS145-video-vid-triggers_introduction,838,1
i4x-Engineering-CS145-video-vid-triggers_introduction,839,1
i4x-Engineering-CS145-video-vid-triggers_introduction,840,1
i4x-Engineering-CS145-video-vid-triggers_introduction,841,1
i4x-Engineering-CS145-video-vid-triggers_introduction,842,1
i4x-Engineering-CS145-video-vid-triggers_introduction,843,1
i4x-Engineering-CS145-video-vid-triggers_introduction,844,1
i4x-Engineering-CS145-video-vid-triggers_introduction,845,1
i4x-Engineering-CS145-video-vid-triggers_introduction,846,1
i4x-Engineering-CS145-video-vid-triggers_introduction,847,1
i4x-Engineering-CS145-video-vid-triggers_introduction,848,1
i4x-Engineering-CS145-video-vid-triggers_introduction,849,1
i4x-Engineering-CS145-video-vid-triggers_introduction,850,1
i4x-Engineering-CS145-video-vid-triggers_introduction,851,1
i4x-Engineering-CS145-video-vid-triggers_introduction,852,1
i4x-Engineering-CS145-video-vid-triggers_introduction,853,1
i4x-Engineering-CS145-video-vid-triggers_introduction,854,1
i4x-Engineering-CS145-video-vid-triggers_introduction,855,1
i4x-Engineering-CS145-video-vid-triggers_introduction,856,1
i4x-Engineering-CS145-video-vid-triggers_introduction,857,1
i4x-Engineering-CS145-video-vid-triggers_introduction,858,1
i4x-Engineering-CS145-video-vid-triggers_introduction,859,1
i4x-Engineering-CS145-video-vid-triggers_introduction,860,1
i4x-Engineering-CS145-video-vid-triggers_introduction,861,1
i4x-Engineering-CS145-video-vid-triggers_introduction,862,1
i4x-Engineering-CS145-video-vid-triggers_introduction,863,1
i4x-Engineering-CS145-video-vid-triggers_introduction,864,1
i4x-Engineering-CS145-video-vid-triggers_introduction,865,1
i4x-Engineering-CS145-video-vid-triggers_introduction,866,1
i4x-Engineering-CS145-video-vid-triggers_introduction,867,1
i4x-Engineering-CS145-video-vid-triggers_introduction,868,1
i4x-Engineering-CS145-video-vid-triggers_introduction,869,1
i4x-Engineering-CS145-video-vid-triggers_introduction,870,1
i4x-Engineering-CS145-video-vid-triggers_introduction,871,1
i4x-Engineering-CS145-video-vid-triggers_introduction,872,1
i4x-Engineering-CS145-video-vid-triggers_introduction,873,1
i4x-Engineering-CS145-video-vid-triggers_introduction,874,1
i4x-Engineering-CS145-video-vid-triggers_introduction,875,1
i4x-Engineering-CS145-video-vid-triggers_introduction,876,1
i4x-Engineering-CS145-video-vid-triggers_introduction,877,1
i4x-Engineering-CS145-video-vid-triggers_introduction,878,1
i4x-Engineering-CS145-video-vid-triggers_introduction,879,1
i4x-Engineering-CS145-video-vid-triggers_introduction,880,1
i4x-Engineering-CS145-video-vid-triggers_introduction,881,1
i4x-Engineering-CS145-video-vid-triggers_introduction,882,1
i4x-Engineering-CS145-video-vid-triggers_introduction,883,1
i4x-Engineering-CS145-video-vid-triggers_introduction,884,1
i4x-Engineering-CS145-video-vid-triggers_introduction,885,1
i4x-Engineering-CS145-video-vid-triggers_introduction,886,1
i4x-Engineering-CS145-video-vid-triggers_introduction,887,1
i4x-Engineering-CS145-video-vid-triggers_introduction,888,1
i4x-Engineering-CS145-video-vid-triggers_introduction,889,1
i4x-Engineering-CS145-video-vid-triggers_introduction,890,1
i4x-Engineering-CS145-video-vid-triggers_introduction,891,1
i4x-Engineering-CS145-video-vid-triggers_introduction,892,1
i4x-Engineering-CS145-video-vid-triggers_introduction,893,1
i4x-Engineering-CS145-video-vid-triggers_introduction,894,1
i4x-Engineering-CS145-video-vid-triggers_introduction,895,1
i4x-Engineering-CS145-video-vid-triggers_introduction,896,1
i4x-Engineering-CS145-video-vid-triggers_introduction,897,1
i4x-Engineering-CS145-video-vid-triggers_introduction,898,1
i4x-Engineering-CS145-video-vid-triggers_introduction,899,1
i4x-Engineering-CS145-video-vid-triggers_introduction,900,1
i4x-Engineering-CS145-video-vid-triggers_introduction,901,1
i4x-Engineering-CS145-video-vid-triggers_introduction,902,1
i4x-Engineering-CS145-video-vid-triggers_introduction,903,1
i4x-Engineering-CS145-video-vid-triggers_introduction,904,1
i4x-Engineering-CS145-video-vid-triggers_introduction,905,1
i4x-Engineering-CS145-video-vid-triggers_introduction,906,1
i4x-Engineering-CS145-video-vid-triggers_introduction,907,1
i4x-Engineering-CS145-video-vid-triggers_introduction,908,1
i4x-Engineering-CS145-video-vid-triggers_introduction,909,1
i4x-Engineering-CS145-video-vid-triggers_introduction,910,1
i4x-Engineering-CS145-video-vid-triggers_introduction,911,1
i4x-Engineering-CS145-video-vid-triggers_introduction,912,1
i4x-Engineering-CS145-video-vid-triggers_introduction,913,1
i4x-Engineering-CS145-video-vid-triggers_introduction,914,1
i4x-Engineering-CS145-video-vid-triggers_introduction,915,1
i4x-Engineering-CS145-video-vid-triggers_introduction,916,1
i4x-Engineering-CS145-video-vid-triggers_introduction,917,1
i4x-Engineering-CS145-video-vid-triggers_introduction,918,1
i4x-Engineering-CS145-video-vid-triggers_introduction,919,1
i4x-Engineering-CS145-video-vid-triggers_introduction,920,1
i4x-Engineering-CS145-video-vid-triggers_introduction,921,1
i4x-Engineering-CS145-video-vid-triggers_introduction,922,1
i4x-Engineering-CS145-video-vid-triggers_introduction,923,1
i4x-Engineering-CS145-video-vid-triggers_introduction,924,1
i4x-Engineering-CS145-video-vid-triggers_introduction,925,3
i4x-Engineering-CS145-video-vid-triggers_introduction,926,6
