videoId,second,numViews
i4x-Engineering-CS145-video-vid-isolation_levels-slice1,0,2
i4x-Engineering-CS145-video-vid-isolation_levels-slice1,1,2
i4x-Engineering-CS145-video-vid-isolation_levels-slice1,2,2
i4x-Engineering-CS145-video-vid-isolation_levels-slice1,3,2
i4x-Engineering-CS145-video-vid-isolation_levels-slice1,4,2
i4x-Engineering-CS145-video-vid-isolation_levels-slice1,5,2
i4x-Engineering-CS145-video-vid-isolation_levels-slice1,6,2
i4x-Engineering-CS145-video-vid-isolation_levels-slice1,7,2
i4x-Engineering-CS145-video-vid-isolation_levels-slice1,8,2
i4x-Engineering-CS145-video-vid-isolation_levels-slice1,9,2
i4x-Engineering-CS145-video-vid-isolation_levels-slice1,10,2
i4x-Engineering-CS145-video-vid-isolation_levels-slice1,11,2
i4x-Engineering-CS145-video-vid-isolation_levels-slice1,12,2
i4x-Engineering-CS145-video-vid-isolation_levels-slice1,13,2
i4x-Engineering-CS145-video-vid-isolation_levels-slice1,14,2
i4x-Engineering-CS145-video-vid-isolation_levels-slice1,15,2
i4x-Engineering-CS145-video-vid-isolation_levels-slice1,16,2
i4x-Engineering-CS145-video-vid-isolation_levels-slice1,17,2
i4x-Engineering-CS145-video-vid-isolation_levels-slice1,18,2
i4x-Engineering-CS145-video-vid-isolation_levels-slice1,19,2
i4x-Engineering-CS145-video-vid-isolation_levels-slice1,20,2
i4x-Engineering-CS145-video-vid-isolation_levels-slice1,21,2
i4x-Engineering-CS145-video-vid-isolation_levels-slice1,22,2
i4x-Engineering-CS145-video-vid-isolation_levels-slice1,23,2
i4x-Engineering-CS145-video-vid-isolation_levels-slice1,24,2
i4x-Engineering-CS145-video-vid-isolation_levels-slice1,25,2
i4x-Engineering-CS145-video-vid-isolation_levels-slice1,26,2
i4x-Engineering-CS145-video-vid-isolation_levels-slice1,27,2
i4x-Engineering-CS145-video-vid-isolation_levels-slice1,28,2
i4x-Engineering-CS145-video-vid-isolation_levels-slice1,29,2
i4x-Engineering-CS145-video-vid-isolation_levels-slice1,30,1
i4x-Engineering-CS145-video-vid-isolation_levels-slice1,31,1
i4x-Engineering-CS145-video-vid-isolation_levels-slice1,32,1
i4x-Engineering-CS145-video-vid-isolation_levels-slice1,33,1
i4x-Engineering-CS145-video-vid-isolation_levels-slice1,34,1
i4x-Engineering-CS145-video-vid-isolation_levels-slice1,35,1
i4x-Engineering-CS145-video-vid-isolation_levels-slice1,36,1
i4x-Engineering-CS145-video-vid-isolation_levels-slice1,37,1
i4x-Engineering-CS145-video-vid-isolation_levels-slice1,38,1
i4x-Engineering-CS145-video-vid-isolation_levels-slice1,39,1
i4x-Engineering-CS145-video-vid-isolation_levels-slice1,40,1
i4x-Engineering-CS145-video-vid-isolation_levels-slice1,41,1
i4x-Engineering-CS145-video-vid-isolation_levels-slice1,42,1
i4x-Engineering-CS145-video-vid-isolation_levels-slice1,43,1
i4x-Engineering-CS145-video-vid-isolation_levels-slice1,44,1
i4x-Engineering-CS145-video-vid-isolation_levels-slice1,45,1
i4x-Engineering-CS145-video-vid-isolation_levels-slice1,46,1
i4x-Engineering-CS145-video-vid-isolation_levels-slice1,47,1
i4x-Engineering-CS145-video-vid-isolation_levels-slice1,48,1
i4x-Engineering-CS145-video-vid-isolation_levels-slice1,49,1
i4x-Engineering-CS145-video-vid-isolation_levels-slice1,50,1
i4x-Engineering-CS145-video-vid-isolation_levels-slice1,51,1
i4x-Engineering-CS145-video-vid-isolation_levels-slice1,52,1
i4x-Engineering-CS145-video-vid-isolation_levels-slice1,53,1
i4x-Engineering-CS145-video-vid-isolation_levels-slice1,54,1
i4x-Engineering-CS145-video-vid-isolation_levels-slice1,55,1
i4x-Engineering-CS145-video-vid-isolation_levels-slice1,56,1
i4x-Engineering-CS145-video-vid-isolation_levels-slice1,57,1
i4x-Engineering-CS145-video-vid-isolation_levels-slice1,58,1
i4x-Engineering-CS145-video-vid-isolation_levels-slice1,59,1
i4x-Engineering-CS145-video-vid-isolation_levels-slice1,60,1
i4x-Engineering-CS145-video-vid-isolation_levels-slice1,61,1
i4x-Engineering-CS145-video-vid-isolation_levels-slice1,62,1
i4x-Engineering-CS145-video-vid-isolation_levels-slice1,63,1
i4x-Engineering-CS145-video-vid-isolation_levels-slice1,64,1
i4x-Engineering-CS145-video-vid-isolation_levels-slice1,65,1
i4x-Engineering-CS145-video-vid-isolation_levels-slice1,66,1
i4x-Engineering-CS145-video-vid-isolation_levels-slice1,67,1
i4x-Engineering-CS145-video-vid-isolation_levels-slice1,68,1
i4x-Engineering-CS145-video-vid-isolation_levels-slice1,69,1
i4x-Engineering-CS145-video-vid-isolation_levels-slice1,70,1
i4x-Engineering-CS145-video-vid-isolation_levels-slice1,71,1
i4x-Engineering-CS145-video-vid-isolation_levels-slice1,72,1
i4x-Engineering-CS145-video-vid-isolation_levels-slice1,73,1
i4x-Engineering-CS145-video-vid-isolation_levels-slice1,74,1
i4x-Engineering-CS145-video-vid-isolation_levels-slice1,75,1
i4x-Engineering-CS145-video-vid-isolation_levels-slice1,76,1
i4x-Engineering-CS145-video-vid-isolation_levels-slice1,77,1
i4x-Engineering-CS145-video-vid-isolation_levels-slice1,78,1
i4x-Engineering-CS145-video-vid-isolation_levels-slice1,79,1
i4x-Engineering-CS145-video-vid-isolation_levels-slice1,80,1
i4x-Engineering-CS145-video-vid-isolation_levels-slice1,81,1
i4x-Engineering-CS145-video-vid-isolation_levels-slice1,82,1
i4x-Engineering-CS145-video-vid-isolation_levels-slice1,83,1
i4x-Engineering-CS145-video-vid-isolation_levels-slice1,84,1
i4x-Engineering-CS145-video-vid-isolation_levels-slice1,85,1
i4x-Engineering-CS145-video-vid-isolation_levels-slice1,86,1
i4x-Engineering-CS145-video-vid-isolation_levels-slice1,87,1
i4x-Engineering-CS145-video-vid-isolation_levels-slice1,88,1
i4x-Engineering-CS145-video-vid-isolation_levels-slice1,89,1
i4x-Engineering-CS145-video-vid-isolation_levels-slice1,90,1
i4x-Engineering-CS145-video-vid-isolation_levels-slice1,91,1
i4x-Engineering-CS145-video-vid-isolation_levels-slice1,92,1
i4x-Engineering-CS145-video-vid-isolation_levels-slice1,93,1
i4x-Engineering-CS145-video-vid-isolation_levels-slice1,94,1
i4x-Engineering-CS145-video-vid-isolation_levels-slice1,95,1
i4x-Engineering-CS145-video-vid-isolation_levels-slice1,96,1
i4x-Engineering-CS145-video-vid-isolation_levels-slice1,97,1
i4x-Engineering-CS145-video-vid-isolation_levels-slice1,98,1
i4x-Engineering-CS145-video-vid-isolation_levels-slice1,99,1
i4x-Engineering-CS145-video-vid-isolation_levels-slice1,100,1
i4x-Engineering-CS145-video-vid-isolation_levels-slice1,101,2
i4x-Engineering-CS145-video-vid-isolation_levels-slice1,102,2
i4x-Engineering-CS145-video-vid-isolation_levels-slice1,103,2
i4x-Engineering-CS145-video-vid-isolation_levels-slice1,104,2
i4x-Engineering-CS145-video-vid-isolation_levels-slice1,105,2
i4x-Engineering-CS145-video-vid-isolation_levels-slice1,106,2
i4x-Engineering-CS145-video-vid-isolation_levels-slice1,107,2
i4x-Engineering-CS145-video-vid-isolation_levels-slice1,108,2
i4x-Engineering-CS145-video-vid-isolation_levels-slice1,109,2
i4x-Engineering-CS145-video-vid-isolation_levels-slice1,110,2
i4x-Engineering-CS145-video-vid-isolation_levels-slice1,111,2
i4x-Engineering-CS145-video-vid-isolation_levels-slice1,112,2
i4x-Engineering-CS145-video-vid-isolation_levels-slice1,113,3
i4x-Engineering-CS145-video-vid-isolation_levels-slice1,114,3
i4x-Engineering-CS145-video-vid-isolation_levels-slice1,115,3
i4x-Engineering-CS145-video-vid-isolation_levels-slice1,116,3
i4x-Engineering-CS145-video-vid-isolation_levels-slice1,117,3
i4x-Engineering-CS145-video-vid-isolation_levels-slice1,118,3
i4x-Engineering-CS145-video-vid-isolation_levels-slice1,119,3
i4x-Engineering-CS145-video-vid-isolation_levels-slice1,120,3
i4x-Engineering-CS145-video-vid-isolation_levels-slice1,121,3
i4x-Engineering-CS145-video-vid-isolation_levels-slice1,122,3
i4x-Engineering-CS145-video-vid-isolation_levels-slice1,123,3
i4x-Engineering-CS145-video-vid-isolation_levels-slice1,124,3
i4x-Engineering-CS145-video-vid-isolation_levels-slice1,125,3
i4x-Engineering-CS145-video-vid-isolation_levels-slice1,126,3
i4x-Engineering-CS145-video-vid-isolation_levels-slice1,127,3
i4x-Engineering-CS145-video-vid-isolation_levels-slice1,128,3
i4x-Engineering-CS145-video-vid-isolation_levels-slice1,129,3
i4x-Engineering-CS145-video-vid-isolation_levels-slice1,130,4
i4x-Engineering-CS145-video-vid-isolation_levels-slice1,131,4
i4x-Engineering-CS145-video-vid-isolation_levels-slice1,132,3
i4x-Engineering-CS145-video-vid-isolation_levels-slice1,133,3
i4x-Engineering-CS145-video-vid-isolation_levels-slice1,134,3
i4x-Engineering-CS145-video-vid-isolation_levels-slice1,135,3
i4x-Engineering-CS145-video-vid-isolation_levels-slice1,136,3
i4x-Engineering-CS145-video-vid-isolation_levels-slice1,137,3
i4x-Engineering-CS145-video-vid-isolation_levels-slice1,138,3
i4x-Engineering-CS145-video-vid-isolation_levels-slice1,139,3
i4x-Engineering-CS145-video-vid-isolation_levels-slice1,140,3
i4x-Engineering-CS145-video-vid-isolation_levels-slice1,141,3
i4x-Engineering-CS145-video-vid-isolation_levels-slice1,142,3
i4x-Engineering-CS145-video-vid-isolation_levels-slice1,143,3
i4x-Engineering-CS145-video-vid-isolation_levels-slice1,144,3
i4x-Engineering-CS145-video-vid-isolation_levels-slice1,145,3
i4x-Engineering-CS145-video-vid-isolation_levels-slice1,146,3
i4x-Engineering-CS145-video-vid-isolation_levels-slice1,147,3
i4x-Engineering-CS145-video-vid-isolation_levels-slice1,148,3
i4x-Engineering-CS145-video-vid-isolation_levels-slice1,149,3
i4x-Engineering-CS145-video-vid-isolation_levels-slice1,150,3
i4x-Engineering-CS145-video-vid-isolation_levels-slice1,151,3
i4x-Engineering-CS145-video-vid-isolation_levels-slice1,152,3
i4x-Engineering-CS145-video-vid-isolation_levels-slice1,153,3
i4x-Engineering-CS145-video-vid-isolation_levels-slice1,154,3
i4x-Engineering-CS145-video-vid-isolation_levels-slice1,155,3
i4x-Engineering-CS145-video-vid-isolation_levels-slice1,156,3
i4x-Engineering-CS145-video-vid-isolation_levels-slice1,157,3
i4x-Engineering-CS145-video-vid-isolation_levels-slice1,158,3
i4x-Engineering-CS145-video-vid-isolation_levels-slice1,159,2
i4x-Engineering-CS145-video-vid-isolation_levels-slice1,160,2
i4x-Engineering-CS145-video-vid-isolation_levels-slice1,161,2
i4x-Engineering-CS145-video-vid-isolation_levels-slice1,162,2
i4x-Engineering-CS145-video-vid-isolation_levels-slice1,163,2
i4x-Engineering-CS145-video-vid-isolation_levels-slice1,164,2
i4x-Engineering-CS145-video-vid-isolation_levels-slice1,165,2
i4x-Engineering-CS145-video-vid-isolation_levels-slice1,166,2
i4x-Engineering-CS145-video-vid-isolation_levels-slice1,167,2
i4x-Engineering-CS145-video-vid-isolation_levels-slice1,168,2
i4x-Engineering-CS145-video-vid-isolation_levels-slice1,169,2
i4x-Engineering-CS145-video-vid-isolation_levels-slice1,170,2
i4x-Engineering-CS145-video-vid-isolation_levels-slice1,171,2
i4x-Engineering-CS145-video-vid-isolation_levels-slice1,172,2
i4x-Engineering-CS145-video-vid-isolation_levels-slice1,173,2
i4x-Engineering-CS145-video-vid-isolation_levels-slice1,174,2
i4x-Engineering-CS145-video-vid-isolation_levels-slice1,175,2
i4x-Engineering-CS145-video-vid-isolation_levels-slice1,176,2
i4x-Engineering-CS145-video-vid-isolation_levels-slice1,177,2
i4x-Engineering-CS145-video-vid-isolation_levels-slice1,178,2
i4x-Engineering-CS145-video-vid-isolation_levels-slice1,179,2
i4x-Engineering-CS145-video-vid-isolation_levels-slice1,180,2
i4x-Engineering-CS145-video-vid-isolation_levels-slice1,181,2
i4x-Engineering-CS145-video-vid-isolation_levels-slice1,182,2
i4x-Engineering-CS145-video-vid-isolation_levels-slice1,183,2
i4x-Engineering-CS145-video-vid-isolation_levels-slice1,184,2
i4x-Engineering-CS145-video-vid-isolation_levels-slice1,185,2
i4x-Engineering-CS145-video-vid-isolation_levels-slice1,186,2
i4x-Engineering-CS145-video-vid-isolation_levels-slice1,187,2
i4x-Engineering-CS145-video-vid-isolation_levels-slice1,188,2
i4x-Engineering-CS145-video-vid-isolation_levels-slice1,189,2
i4x-Engineering-CS145-video-vid-isolation_levels-slice1,190,2
i4x-Engineering-CS145-video-vid-isolation_levels-slice1,191,2
i4x-Engineering-CS145-video-vid-isolation_levels-slice1,192,2
i4x-Engineering-CS145-video-vid-isolation_levels-slice1,193,1
i4x-Engineering-CS145-video-vid-isolation_levels-slice1,194,1
i4x-Engineering-CS145-video-vid-isolation_levels-slice1,195,1
i4x-Engineering-CS145-video-vid-isolation_levels-slice1,196,1
i4x-Engineering-CS145-video-vid-isolation_levels-slice1,197,1
i4x-Engineering-CS145-video-vid-isolation_levels-slice1,198,1
i4x-Engineering-CS145-video-vid-isolation_levels-slice1,199,1
i4x-Engineering-CS145-video-vid-isolation_levels-slice1,200,1
i4x-Engineering-CS145-video-vid-isolation_levels-slice1,201,1
i4x-Engineering-CS145-video-vid-isolation_levels-slice1,202,1
i4x-Engineering-CS145-video-vid-isolation_levels-slice1,203,1
i4x-Engineering-CS145-video-vid-isolation_levels-slice1,204,1
i4x-Engineering-CS145-video-vid-isolation_levels-slice1,205,1
i4x-Engineering-CS145-video-vid-isolation_levels-slice1,206,1
i4x-Engineering-CS145-video-vid-isolation_levels-slice1,207,1
i4x-Engineering-CS145-video-vid-isolation_levels-slice1,208,1
i4x-Engineering-CS145-video-vid-isolation_levels-slice1,209,1
i4x-Engineering-CS145-video-vid-isolation_levels-slice1,210,1
i4x-Engineering-CS145-video-vid-isolation_levels-slice1,211,1
i4x-Engineering-CS145-video-vid-isolation_levels-slice1,212,1
i4x-Engineering-CS145-video-vid-isolation_levels-slice1,213,1
i4x-Engineering-CS145-video-vid-isolation_levels-slice1,214,1
i4x-Engineering-CS145-video-vid-isolation_levels-slice1,215,1
i4x-Engineering-CS145-video-vid-isolation_levels-slice1,216,1
i4x-Engineering-CS145-video-vid-isolation_levels-slice1,217,1
i4x-Engineering-CS145-video-vid-isolation_levels-slice1,218,2
i4x-Engineering-CS145-video-vid-isolation_levels-slice1,219,2
i4x-Engineering-CS145-video-vid-isolation_levels-slice1,220,2
i4x-Engineering-CS145-video-vid-isolation_levels-slice1,221,2
i4x-Engineering-CS145-video-vid-isolation_levels-slice1,222,2
i4x-Engineering-CS145-video-vid-isolation_levels-slice1,223,2
i4x-Engineering-CS145-video-vid-isolation_levels-slice1,224,2
i4x-Engineering-CS145-video-vid-isolation_levels-slice1,225,2
i4x-Engineering-CS145-video-vid-isolation_levels-slice1,226,2
i4x-Engineering-CS145-video-vid-isolation_levels-slice1,227,2
i4x-Engineering-CS145-video-vid-isolation_levels-slice1,228,2
i4x-Engineering-CS145-video-vid-isolation_levels-slice1,229,2
i4x-Engineering-CS145-video-vid-isolation_levels-slice1,230,2
i4x-Engineering-CS145-video-vid-isolation_levels-slice1,231,1
i4x-Engineering-CS145-video-vid-isolation_levels-slice1,232,1
i4x-Engineering-CS145-video-vid-isolation_levels-slice1,233,1
i4x-Engineering-CS145-video-vid-isolation_levels-slice1,234,1
i4x-Engineering-CS145-video-vid-isolation_levels-slice1,235,1
i4x-Engineering-CS145-video-vid-isolation_levels-slice1,236,2
i4x-Engineering-CS145-video-vid-isolation_levels-slice1,237,2
i4x-Engineering-CS145-video-vid-isolation_levels-slice1,238,2
i4x-Engineering-CS145-video-vid-isolation_levels-slice1,239,2
i4x-Engineering-CS145-video-vid-isolation_levels-slice1,240,2
i4x-Engineering-CS145-video-vid-isolation_levels-slice1,241,1
i4x-Engineering-CS145-video-vid-isolation_levels-slice1,242,1
i4x-Engineering-CS145-video-vid-isolation_levels-slice1,243,1
i4x-Engineering-CS145-video-vid-isolation_levels-slice1,244,1
i4x-Engineering-CS145-video-vid-isolation_levels-slice1,245,1
i4x-Engineering-CS145-video-vid-isolation_levels-slice1,246,1
i4x-Engineering-CS145-video-vid-isolation_levels-slice1,247,1
i4x-Engineering-CS145-video-vid-isolation_levels-slice1,248,1
i4x-Engineering-CS145-video-vid-isolation_levels-slice1,249,1
i4x-Engineering-CS145-video-vid-isolation_levels-slice1,250,1
i4x-Engineering-CS145-video-vid-isolation_levels-slice1,251,1
i4x-Engineering-CS145-video-vid-isolation_levels-slice1,252,1
i4x-Engineering-CS145-video-vid-isolation_levels-slice1,253,1
i4x-Engineering-CS145-video-vid-isolation_levels-slice1,254,1
i4x-Engineering-CS145-video-vid-isolation_levels-slice1,255,1
i4x-Engineering-CS145-video-vid-isolation_levels-slice1,256,1
i4x-Engineering-CS145-video-vid-isolation_levels-slice1,257,1
i4x-Engineering-CS145-video-vid-isolation_levels-slice1,258,1
i4x-Engineering-CS145-video-vid-isolation_levels-slice1,259,1
i4x-Engineering-CS145-video-vid-isolation_levels-slice1,260,1
i4x-Engineering-CS145-video-vid-isolation_levels-slice1,261,1
i4x-Engineering-CS145-video-vid-isolation_levels-slice1,262,1
i4x-Engineering-CS145-video-vid-isolation_levels-slice1,263,1
i4x-Engineering-CS145-video-vid-isolation_levels-slice1,264,1
i4x-Engineering-CS145-video-vid-isolation_levels-slice1,265,1
i4x-Engineering-CS145-video-vid-isolation_levels-slice1,266,1
i4x-Engineering-CS145-video-vid-isolation_levels-slice1,267,1
i4x-Engineering-CS145-video-vid-isolation_levels-slice1,268,1
i4x-Engineering-CS145-video-vid-isolation_levels-slice1,269,1
i4x-Engineering-CS145-video-vid-isolation_levels-slice1,270,1
i4x-Engineering-CS145-video-vid-isolation_levels-slice1,271,1
i4x-Engineering-CS145-video-vid-isolation_levels-slice1,272,1
i4x-Engineering-CS145-video-vid-isolation_levels-slice1,273,1
i4x-Engineering-CS145-video-vid-isolation_levels-slice1,274,1
i4x-Engineering-CS145-video-vid-isolation_levels-slice1,275,1
i4x-Engineering-CS145-video-vid-isolation_levels-slice1,276,1
i4x-Engineering-CS145-video-vid-isolation_levels-slice1,277,1
i4x-Engineering-CS145-video-vid-isolation_levels-slice1,278,1
i4x-Engineering-CS145-video-vid-isolation_levels-slice1,279,1
i4x-Engineering-CS145-video-vid-isolation_levels-slice1,280,1
i4x-Engineering-CS145-video-vid-isolation_levels-slice1,281,1
i4x-Engineering-CS145-video-vid-isolation_levels-slice1,282,1
i4x-Engineering-CS145-video-vid-isolation_levels-slice1,283,1
i4x-Engineering-CS145-video-vid-isolation_levels-slice1,284,1
i4x-Engineering-CS145-video-vid-isolation_levels-slice1,285,1
i4x-Engineering-CS145-video-vid-isolation_levels-slice1,286,1
i4x-Engineering-CS145-video-vid-isolation_levels-slice1,287,1
i4x-Engineering-CS145-video-vid-isolation_levels-slice1,288,1
i4x-Engineering-CS145-video-vid-isolation_levels-slice1,289,1
i4x-Engineering-CS145-video-vid-isolation_levels-slice1,290,1
i4x-Engineering-CS145-video-vid-isolation_levels-slice1,291,1
i4x-Engineering-CS145-video-vid-isolation_levels-slice1,292,1
i4x-Engineering-CS145-video-vid-isolation_levels-slice1,293,1
i4x-Engineering-CS145-video-vid-isolation_levels-slice1,294,1
i4x-Engineering-CS145-video-vid-isolation_levels-slice1,295,2
i4x-Engineering-CS145-video-vid-isolation_levels-slice1,296,2
i4x-Engineering-CS145-video-vid-isolation_levels-slice1,297,2
i4x-Engineering-CS145-video-vid-isolation_levels-slice1,298,2
i4x-Engineering-CS145-video-vid-isolation_levels-slice1,299,1
i4x-Engineering-CS145-video-vid-isolation_levels-slice1,300,1
i4x-Engineering-CS145-video-vid-isolation_levels-slice1,301,1
i4x-Engineering-CS145-video-vid-isolation_levels-slice1,302,1
i4x-Engineering-CS145-video-vid-isolation_levels-slice1,303,1
i4x-Engineering-CS145-video-vid-isolation_levels-slice1,304,1
i4x-Engineering-CS145-video-vid-isolation_levels-slice1,305,1
i4x-Engineering-CS145-video-vid-isolation_levels-slice1,306,1
i4x-Engineering-CS145-video-vid-isolation_levels-slice1,307,1
i4x-Engineering-CS145-video-vid-isolation_levels-slice1,308,1
i4x-Engineering-CS145-video-vid-isolation_levels-slice1,309,1
i4x-Engineering-CS145-video-vid-isolation_levels-slice1,310,1
i4x-Engineering-CS145-video-vid-isolation_levels-slice1,311,1
i4x-Engineering-CS145-video-vid-isolation_levels-slice1,312,1
i4x-Engineering-CS145-video-vid-isolation_levels-slice1,313,1
i4x-Engineering-CS145-video-vid-isolation_levels-slice1,314,1
i4x-Engineering-CS145-video-vid-isolation_levels-slice1,315,1
i4x-Engineering-CS145-video-vid-isolation_levels-slice1,316,1
i4x-Engineering-CS145-video-vid-isolation_levels-slice1,317,1
i4x-Engineering-CS145-video-vid-isolation_levels-slice1,318,1
i4x-Engineering-CS145-video-vid-isolation_levels-slice1,319,1
i4x-Engineering-CS145-video-vid-isolation_levels-slice1,320,1
i4x-Engineering-CS145-video-vid-isolation_levels-slice1,321,1
i4x-Engineering-CS145-video-vid-isolation_levels-slice1,322,1
i4x-Engineering-CS145-video-vid-isolation_levels-slice1,323,1
i4x-Engineering-CS145-video-vid-isolation_levels-slice1,324,1
i4x-Engineering-CS145-video-vid-isolation_levels-slice1,325,1
i4x-Engineering-CS145-video-vid-isolation_levels-slice1,326,1
i4x-Engineering-CS145-video-vid-isolation_levels-slice1,327,1
i4x-Engineering-CS145-video-vid-isolation_levels-slice1,328,1
i4x-Engineering-CS145-video-vid-isolation_levels-slice1,329,1
i4x-Engineering-CS145-video-vid-isolation_levels-slice1,330,1
i4x-Engineering-CS145-video-vid-isolation_levels-slice1,331,1
i4x-Engineering-CS145-video-vid-isolation_levels-slice1,332,1
i4x-Engineering-CS145-video-vid-isolation_levels-slice1,333,1
i4x-Engineering-CS145-video-vid-isolation_levels-slice1,334,1
i4x-Engineering-CS145-video-vid-isolation_levels-slice1,335,1
i4x-Engineering-CS145-video-vid-isolation_levels-slice1,336,1
i4x-Engineering-CS145-video-vid-isolation_levels-slice1,337,1
i4x-Engineering-CS145-video-vid-isolation_levels-slice1,338,1
i4x-Engineering-CS145-video-vid-isolation_levels-slice1,339,1
i4x-Engineering-CS145-video-vid-isolation_levels-slice1,340,1
i4x-Engineering-CS145-video-vid-isolation_levels-slice1,341,1
i4x-Engineering-CS145-video-vid-isolation_levels-slice1,342,1
i4x-Engineering-CS145-video-vid-isolation_levels-slice1,343,1
i4x-Engineering-CS145-video-vid-isolation_levels-slice1,344,1
i4x-Engineering-CS145-video-vid-isolation_levels-slice1,345,1
i4x-Engineering-CS145-video-vid-isolation_levels-slice1,346,1
i4x-Engineering-CS145-video-vid-isolation_levels-slice1,347,1
i4x-Engineering-CS145-video-vid-isolation_levels-slice1,348,1
i4x-Engineering-CS145-video-vid-isolation_levels-slice1,349,1
i4x-Engineering-CS145-video-vid-isolation_levels-slice1,350,1
i4x-Engineering-CS145-video-vid-isolation_levels-slice1,351,1
i4x-Engineering-CS145-video-vid-isolation_levels-slice1,352,1
i4x-Engineering-CS145-video-vid-isolation_levels-slice1,353,1
i4x-Engineering-CS145-video-vid-isolation_levels-slice1,354,1
i4x-Engineering-CS145-video-vid-isolation_levels-slice1,355,1
i4x-Engineering-CS145-video-vid-isolation_levels-slice1,356,1
i4x-Engineering-CS145-video-vid-isolation_levels-slice1,357,1
i4x-Engineering-CS145-video-vid-isolation_levels-slice1,358,1
i4x-Engineering-CS145-video-vid-isolation_levels-slice1,359,1
i4x-Engineering-CS145-video-vid-isolation_levels-slice1,360,1
i4x-Engineering-CS145-video-vid-isolation_levels-slice1,361,1
i4x-Engineering-CS145-video-vid-isolation_levels-slice1,362,1
i4x-Engineering-CS145-video-vid-isolation_levels-slice1,363,1
i4x-Engineering-CS145-video-vid-isolation_levels-slice1,364,1
i4x-Engineering-CS145-video-vid-isolation_levels-slice1,365,1
i4x-Engineering-CS145-video-vid-isolation_levels-slice1,366,1
i4x-Engineering-CS145-video-vid-isolation_levels-slice1,367,1
i4x-Engineering-CS145-video-vid-isolation_levels-slice1,368,1
i4x-Engineering-CS145-video-vid-isolation_levels-slice1,369,1
i4x-Engineering-CS145-video-vid-isolation_levels-slice1,370,1
i4x-Engineering-CS145-video-vid-isolation_levels-slice1,371,1
i4x-Engineering-CS145-video-vid-isolation_levels-slice1,372,1
i4x-Engineering-CS145-video-vid-isolation_levels-slice1,373,1
i4x-Engineering-CS145-video-vid-isolation_levels-slice1,374,1
i4x-Engineering-CS145-video-vid-isolation_levels-slice1,375,1
i4x-Engineering-CS145-video-vid-isolation_levels-slice1,376,1
i4x-Engineering-CS145-video-vid-isolation_levels-slice1,377,1
i4x-Engineering-CS145-video-vid-isolation_levels-slice1,378,1
i4x-Engineering-CS145-video-vid-isolation_levels-slice1,379,1
i4x-Engineering-CS145-video-vid-isolation_levels-slice1,380,1
i4x-Engineering-CS145-video-vid-isolation_levels-slice1,381,1
i4x-Engineering-CS145-video-vid-isolation_levels-slice1,382,1
i4x-Engineering-CS145-video-vid-isolation_levels-slice1,383,1
i4x-Engineering-CS145-video-vid-isolation_levels-slice1,384,1
i4x-Engineering-CS145-video-vid-isolation_levels-slice1,385,1
i4x-Engineering-CS145-video-vid-isolation_levels-slice1,386,1
i4x-Engineering-CS145-video-vid-isolation_levels-slice1,387,1
i4x-Engineering-CS145-video-vid-isolation_levels-slice1,388,1
i4x-Engineering-CS145-video-vid-isolation_levels-slice1,389,1
i4x-Engineering-CS145-video-vid-isolation_levels-slice1,390,1
i4x-Engineering-CS145-video-vid-isolation_levels-slice1,391,1
i4x-Engineering-CS145-video-vid-isolation_levels-slice1,392,1
i4x-Engineering-CS145-video-vid-isolation_levels-slice1,393,1
i4x-Engineering-CS145-video-vid-isolation_levels-slice1,394,1
i4x-Engineering-CS145-video-vid-isolation_levels-slice1,395,1
i4x-Engineering-CS145-video-vid-isolation_levels-slice1,396,1
i4x-Engineering-CS145-video-vid-isolation_levels-slice1,397,1
i4x-Engineering-CS145-video-vid-isolation_levels-slice1,398,1
i4x-Engineering-CS145-video-vid-isolation_levels-slice1,399,1
i4x-Engineering-CS145-video-vid-isolation_levels-slice1,400,1
i4x-Engineering-CS145-video-vid-isolation_levels-slice1,401,1
i4x-Engineering-CS145-video-vid-isolation_levels-slice1,402,1
i4x-Engineering-CS145-video-vid-isolation_levels-slice1,403,1
i4x-Engineering-CS145-video-vid-isolation_levels-slice1,404,1
i4x-Engineering-CS145-video-vid-isolation_levels-slice1,405,1
i4x-Engineering-CS145-video-vid-isolation_levels-slice1,406,1
i4x-Engineering-CS145-video-vid-isolation_levels-slice1,407,1
i4x-Engineering-CS145-video-vid-isolation_levels-slice1,408,1
i4x-Engineering-CS145-video-vid-isolation_levels-slice1,409,1
i4x-Engineering-CS145-video-vid-isolation_levels-slice1,410,1
i4x-Engineering-CS145-video-vid-isolation_levels-slice1,411,1
i4x-Engineering-CS145-video-vid-isolation_levels-slice1,412,1
i4x-Engineering-CS145-video-vid-isolation_levels-slice1,413,1
i4x-Engineering-CS145-video-vid-isolation_levels-slice1,414,1
i4x-Engineering-CS145-video-vid-isolation_levels-slice1,415,1
i4x-Engineering-CS145-video-vid-isolation_levels-slice1,416,1
i4x-Engineering-CS145-video-vid-isolation_levels-slice1,417,1
i4x-Engineering-CS145-video-vid-isolation_levels-slice1,418,1
i4x-Engineering-CS145-video-vid-isolation_levels-slice1,419,1
i4x-Engineering-CS145-video-vid-isolation_levels-slice1,420,1
i4x-Engineering-CS145-video-vid-isolation_levels-slice1,421,1
i4x-Engineering-CS145-video-vid-isolation_levels-slice1,422,1
i4x-Engineering-CS145-video-vid-isolation_levels-slice1,423,1
i4x-Engineering-CS145-video-vid-isolation_levels-slice1,424,1
i4x-Engineering-CS145-video-vid-isolation_levels-slice1,425,1
i4x-Engineering-CS145-video-vid-isolation_levels-slice1,426,1
i4x-Engineering-CS145-video-vid-isolation_levels-slice1,427,1
i4x-Engineering-CS145-video-vid-isolation_levels-slice1,428,1
i4x-Engineering-CS145-video-vid-isolation_levels-slice1,429,1
i4x-Engineering-CS145-video-vid-isolation_levels-slice1,430,1
i4x-Engineering-CS145-video-vid-isolation_levels-slice1,431,1
i4x-Engineering-CS145-video-vid-isolation_levels-slice1,432,1
i4x-Engineering-CS145-video-vid-isolation_levels-slice1,446,1
i4x-Engineering-CS145-video-vid-isolation_levels-slice1,447,1
i4x-Engineering-CS145-video-vid-isolation_levels-slice1,448,1
i4x-Engineering-CS145-video-vid-isolation_levels-slice1,449,1
i4x-Engineering-CS145-video-vid-isolation_levels-slice1,450,1
i4x-Engineering-CS145-video-vid-isolation_levels-slice1,451,1
i4x-Engineering-CS145-video-vid-isolation_levels-slice1,452,1
i4x-Engineering-CS145-video-vid-isolation_levels-slice1,453,1
i4x-Engineering-CS145-video-vid-isolation_levels-slice1,454,1
i4x-Engineering-CS145-video-vid-isolation_levels-slice1,455,1
i4x-Engineering-CS145-video-vid-isolation_levels-slice1,456,1
i4x-Engineering-CS145-video-vid-isolation_levels-slice1,457,1
i4x-Engineering-CS145-video-vid-isolation_levels-slice1,458,1
